time,x,y,z,phi,theta,psi,x_velocity,y_velocity,z_velocity,phi_velocity,theta_velocity,psi_velocity,rotor_speed1,rotor_speed2,rotor_speed3,rotor_speed4
0.06,1.115243401e-07,1.68635090833e-06,10.0079259054,0.00092792238707,6.28299624312,0.0,1.45324997236e-05,0.000128275121853,0.264172611892,0.0357471262381,-0.0103455996855,0.0,486.87284786561753,486.09839873990546,484.59392557077456,487.27308710300787
0.12000000000000001,6.3794231802e-06,3.49461829508e-05,10.0242522163,0.00419664258673,6.28251901303,0.0,0.000243213257503,0.00123575709384,0.280033338967,0.0774435829896,-0.0035545564208,0.0,408.9962374697034,409.60063190178965,407.674915416987,411.3850212003864
0.18,3.62174659273e-05,0.000217658877781,10.0448794564,0.00872057551812,6.28202224664,0.0,0.000786637155618,0.00534124497727,0.407501002381,0.0709618782848,-0.0199767363564,0.0,446.0825179174226,444.73979757105394,446.12098834246797,445.5959575138382
0.23999999999999996,0.000120140412634,0.000794191122657,10.0786075635,0.0128812748886,6.28121345439,0.0,0.002140847865,0.0144351353419,0.716621304236,0.065899384446,-0.00291289943393,0.0,498.5016479334079,499.7469060499272,499.24297218586787,498.87658396723265
0.3,0.00029115724369,0.00195027849691,10.1252462618,0.0168437647569,6.28117232251,0.0,0.00357055046306,0.0245162222533,0.837914394964,0.0663240811163,0.00343387013631,0.0,443.4023164189558,443.92335934205784,444.66133783094426,444.6993585007752
0.36000000000000004,0.000546654682053,0.00378942483621,10.1787896945,0.0210567783162,6.28145703528,0.0,0.00492038336585,0.0372113284327,0.946774535998,0.077041521404,0.00724686713106,0.0,440.18678422117404,440.5020828834017,440.14807370073197,441.0378197732005
0.4200000000000001,0.000880136175098,0.00653415094183,10.2413057852,0.0255934070828,6.28211580653,0.0,0.00613128024446,0.0548041587371,1.13691303083,0.0725845787964,0.017558713351,0.0,466.25420837179416,467.0589186384188,464.70941976410313,464.3641944400696
0.48000000000000015,0.00126829880406,0.0104317641992,10.314942207,0.0298993685052,6.28299974964,0.0,0.00669610672756,0.0756044821055,1.31742973222,0.0700774431513,0.00837747917396,0.0,463.2031663285581,462.4805516947174,463.4906183875795,463.2972944400481
0.5400000000000001,0.00167228768366,0.0156717893532,10.3992603152,0.0342477507904,9.30208501071e-05,0.0,0.00672446030828,0.0995406760555,1.49294484573,0.0768765073321,-0.00413020292753,0.0,462.6494360320573,461.6636239311577,461.6910980275665,462.23099956519303
0.6000000000000002,0.00207382509828,0.0222705705349,10.4889908532,0.0396531837571,0.000720082788135,0.0,0.00663491795188,0.12086595209,1.4980489303,0.108283927572,0.0299404511621,0.0,406.15338077297366,409.19741111739404,407.0988804420723,409.90644312192217
0.6600000000000003,0.00244578199159,0.0305398110861,10.586106527,0.0457949058973,0.00221222587628,0.0,0.00555859869208,0.155542153539,1.73877017531,0.0866181290409,0.0120648106861,0.0,482.40430347461944,481.05277494410603,482.7703547510156,481.1409767798718
0.7200000000000003,0.00273115230617,0.0408245828324,10.6931249431,0.0512698251552,0.00241481668609,0.0,0.00389521793919,0.18781363907,1.82834234969,0.0991871750702,-0.0262071509548,0.0,438.84782913797017,435.6596910229255,435.8451287884122,436.9013688764487
0.7800000000000004,0.00291593240125,0.0533014588196,10.8082227342,0.0569409024741,0.000630901725247,0.0,0.0024546422466,0.228729142637,2.00791294145,0.0830054376199,-0.0379241673121,0.0,465.97823766321335,465.06119242519674,465.08910765840653,463.8271406638033
0.8400000000000004,0.00305898599982,0.0682140386961,10.9315696986,0.0620726608632,6.28135970842,0.0,0.00255317631482,0.268858217635,2.10344587829,0.090148643091,-0.0477852140819,0.0,440.87246925747365,440.05607166470145,438.86707766756973,439.4656383915075
0.9000000000000005,0.00326475455298,0.0857518843523,11.0624005194,0.0672931208639,6.27852268671,0.0,0.00461924236306,0.316301514925,2.25724466652,0.0798458043192,-0.0462993790956,0.0,457.9693340392546,458.0862224039204,459.1010216007948,458.2888412773045
0.9600000000000005,0.00365476500955,0.106215584252,11.2019436234,0.0715487384137,6.27583509953,0.0,0.00867363995116,0.366300482922,2.39387084519,0.039614973272,-0.0419398674109,0.0,454.3333789716091,454.681651839598,454.7417273915478,451.511022522866
1.0200000000000005,0.00435951239753,0.129909475087,11.3517287218,0.0742633887468,6.27454257153,0.0,0.015019174679,0.423761287852,2.5984889683,0.0546226437638,0.00266735266096,0.0,473.7503632019788,477.16750541125305,473.7988994746814,474.95229954405664
1.0800000000000005,0.00542199373368,0.156744898212,11.5088054853,0.0773052944846,6.27564585272,0.0,0.0203269776817,0.471036981565,2.6372825646,0.0413950864989,0.0388927099755,0.0,422.64954166131736,425.7602336939843,425.1943343537535,424.0613476957353
1.1400000000000006,0.00681488195452,0.186903876365,11.6737456869,0.0806747944629,6.27830015775,0.0,0.0257961425228,0.534579138594,2.86015156635,0.0758077010582,0.0532171408619,0.0,480.64537892830816,481.73066467304466,480.470519596586,483.07407661573603
1.2000000000000006,0.0084458447263,0.220552484269,11.8470067302,0.0853971782357,6.28148230863,0.0,0.0282637196337,0.58746669106,2.91502790396,0.0839482429242,0.0526709150772,0.0,430.90485049667666,430.86061229576586,431.2106579933895,431.9029193020864
1.2600000000000007,0.0101631942063,0.257495679997,12.0238927083,0.0905021545751,0.00189339190193,0.0,0.0286493363956,0.644443652444,2.98094124939,0.0872594886652,0.0715135374643,0.0,435.54109391011104,437.11671243120986,433.9389979335639,434.2230018364794
1.3200000000000007,0.0118226211079,0.298171115616,12.2070536929,0.0952864712935,0.0057015615862,0.0,0.0262151183364,0.711912141137,3.12396928858,0.0571578767962,0.0380715820005,0.0,461.5318532067645,458.8873519776543,460.6505848864729,458.2686472153984
1.3800000000000008,0.0132691563,0.342852712103,12.3973421698,0.0993356992344,0.00811121043655,0.0,0.0217655270154,0.777823154352,3.21865610183,0.0827004122163,0.0440412533139,0.0,445.9598429964733,446.44801824906716,444.3921001846638,446.48418272672797
1.4400000000000008,0.0144201320106,0.391312340465,12.5906845316,0.104594185503,0.0102330574485,0.0,0.0163785162088,0.837937732942,3.22599754405,0.0960355005054,0.00587726678109,0.0,419.53773787074505,416.21132402112977,417.935909496232,419.1034229250354
1.5000000000000009,0.0151591039265,0.444074057991,12.7901155309,0.110704494406,0.0105548956444,0.0,0.00822085797625,0.921404624368,3.42102582279,0.111454867871,0.00431703832311,0.0,476.68027552574847,476.5609337873061,477.2676143568357,478.45112695966037
1.560000000000001,0.0154613304262,0.501339485119,12.9954516911,0.117198060624,0.0120743205054,0.0,0.00176020407321,0.988006735304,3.42340649418,0.100834890527,0.049967899598,0.0,415.4901908829785,419.4737836334627,419.4932847071633,418.58106628842364
1.620000000000001,0.0153019376176,0.563082827231,13.2040354557,0.122788022463,0.0149400446858,0.0,-0.00737261428221,1.07065587006,3.52894576212,0.0698345077116,0.0429404130784,0.0,451.14241617777583,450.5759537148969,454.0533275581607,451.5661376145448
1.680000000000001,0.014580361053,0.629537193824,13.4160833988,0.127082876554,0.017153072061,0.0,-0.0168966168094,1.14484252043,3.53920070071,0.0748612824896,0.0206235690885,0.0,423.0888692577781,421.1636141239834,421.821148025038,422.25927455692437
1.740000000000001,0.0131086952329,0.701568243451,13.6369057822,0.1312957909,0.018215329217,0.0,-0.0322920790217,1.25661455075,3.8205049199,0.0587713090487,0.0111121690076,0.0,504.75945143831746,504.07245125884657,505.5825149073521,504.4249371075051
1.8000000000000012,0.0107672399368,0.779834549606,13.8702755262,0.134747858683,0.0193764624498,0.0,-0.0458496240553,1.35254820092,3.95791034049,0.0549394765457,0.0321449305287,0.0,463.161473698184,464.812776947104,466.03240584772595,465.7348944392904
1.8600000000000012,0.007627393269,0.863619318826,14.1096147859,0.138565778568,0.0213591416469,0.0,-0.0589965830386,1.44056524707,4.01974361923,0.0769668681168,0.0347856334744,0.0,442.6103046303593,442.82802691936746,441.68875622596613,443.50466796240073
1.9200000000000013,0.00365107983982,0.952810847889,14.3530194241,0.143220107016,0.0234740920849,0.0,-0.0737479529148,1.53287191585,4.09335031416,0.0787553186531,0.0361603054353,0.0,447.6554594726288,447.76784241944307,446.4257742522878,446.57644323400467
1.9800000000000013,-0.00134022183872,1.04815334905,14.6044389456,0.148202497609,0.0256869997156,0.0,-0.0928656075098,1.64563404009,4.28641755306,0.0904618834852,0.0382867640882,0.0,484.6435080104909,484.80382605221973,483.19870419472954,484.08543872790864
2.0400000000000014,-0.00759704415877,1.15074944659,14.869907865,0.153339227482,0.0277923395415,0.0,-0.11594949817,1.7747107097,4.56126284636,0.0735314289153,0.0277739126639,0.0,509.5045878579027,508.7527176308498,509.9108966383544,508.70482216054705
2.1000000000000014,-0.0149417798722,1.25930449483,15.1395630654,0.158052187218,0.0295012597636,0.0,-0.129003727603,1.84414447868,4.42767328733,0.0870554562189,0.029861629285,0.0,382.6368322176129,382.83592956076535,380.8583278720934,382.1558118410846
2.1600000000000015,-0.0232960089263,1.37315589674,15.4078662507,0.163375555759,0.03185417933,0.0,-0.149671699099,1.95132739124,4.51523347198,0.0918627055205,0.0533294618403,0.0,455.4340272483151,457.30807819961404,455.46119241825744,455.85187534514625
2.2200000000000015,-0.0329163585505,1.49340272614,15.6805733631,0.168713780776,0.0354251979565,0.0,-0.171326525328,2.05732971277,4.5745678832,0.0824522390958,0.0696638819072,0.0,447.6276355943579,448.9574816506142,448.6744574966652,447.91618939194217
2.2800000000000016,-0.0438696219515,1.61991863375,15.9557378433,0.173174913544,0.0393435189883,0.0,-0.194148486506,2.16022834228,4.59730437505,0.0486334715848,0.0547361225594,0.0,438.1871072507842,436.94738837509647,438.8075026767842,435.9947608599394
2.3400000000000016,-0.0561818032153,1.75232623905,16.23026766,0.17571238795,0.0429293771653,0.0,-0.216544039883,2.2535508041,4.55374090883,0.024928313723,0.0682865772586,0.0,415.80767204008924,416.9959840518418,416.5464139905345,414.46894459094665
2.4000000000000017,-0.0700827393734,1.89109495215,16.5063075344,0.177474429909,0.046823457489,0.0,-0.247209107252,2.37209493427,4.6470577047,0.0370247901992,0.0570896883323,0.0,460.91647458541917,460.0335211841731,459.6271916461148,460.5852141770897
2.4600000000000017,-0.0859224380632,2.03707725014,16.788347087,0.179961536392,0.0507900474887,0.0,-0.28114391448,2.4940648437,4.75363719293,0.0490904170531,0.0798325401271,0.0,465.3534032453975,467.13338500614066,464.26133608597513,465.2080005482244
2.520000000000002,-0.103755240528,2.18996339641,17.0742659022,0.182561287938,0.0553554507,0.0,-0.313703110009,2.60229489165,4.77671817598,0.0281599917578,0.067301346789,0.0,441.1638867232914,440.13239058302923,441.33390142725426,439.60370233428296
2.580000000000002,-0.12366784201,2.34951537164,17.3623242483,0.183950588293,0.0593641775195,0.0,-0.350417161035,2.71612317533,4.82486469577,0.0105669689894,0.0658157522196,0.0,449.3772283007889,449.2600468604689,449.69400421002894,448.26647115541215
2.640000000000002,-0.145886198451,2.51598047794,17.6536684494,0.184439676305,0.063878819674,0.0,-0.390589510738,2.83261969756,4.88620080482,0.00282023808043,0.0894406295536,0.0,452.5526408246661,454.45470245303454,454.9269641721893,454.3060393306939
2.700000000000002,-0.170472653575,2.68904261846,17.9466272983,0.184324584291,0.0690937658823,0.0,-0.429417974666,2.93602655728,4.87901004751,-0.013658732368,0.0813202323853,0.0,432.28123773272864,431.6027654373005,434.47824871828965,433.0942447207018
2.760000000000002,-0.19755519324,2.86848299738,18.2402038036,0.183993505881,0.0744320056049,0.0,-0.473793876318,3.04513759699,4.90663675017,0.00715419887264,0.101026364141,0.0,444.2468955757985,445.86648711900904,442.8243745769527,444.53350460539883
2.820000000000002,-0.22775021387,3.05528533943,18.5399246288,0.184145612385,0.0799953116113,0.0,-0.533313751012,3.18137115097,5.08305955935,-0.00883407206714,0.0657711620018,0.0,492.0794792873992,489.4682825101775,490.63473046744497,489.4460627761649
2.880000000000002,-0.261348299493,3.24958869401,18.8467158909,0.183248418836,0.084035075376,0.0,-0.586979821969,3.2951705925,5.14291340752,-0.0314550013761,0.0702752922587,0.0,457.50653201431976,457.86831516578917,457.60635150638086,455.8018511248795
2.940000000000002,-0.298669100418,3.45157969468,19.1619795136,0.181019437606,0.0880853694105,0.0,-0.657447090214,3.43728545274,5.36468027586,-0.0520810718521,0.0612950475145,0.0,507.4664407358213,506.82410248135005,505.744990458891,504.25642208172496
3.000000000000002,-0.339715212226,3.66080320559,19.4839144834,0.177574113346,0.0917242122112,0.0,-0.711075064252,3.53641315142,5.36643955173,-0.0711190153643,0.0593201301976,0.0,442.147794795871,441.98765895757947,442.7674868106723,441.195693961185
3.0600000000000023,-0.383920296914,3.87564906731,19.8046437723,0.173151217913,0.0955032601976,0.0,-0.76274690265,3.62466526807,5.32474600174,-0.0794871228551,0.0694533086604,0.0,427.5085045250558,428.3742524201039,427.99776479442636,427.28030730348416
3.1200000000000023,-0.43125211157,4.09562110614,20.1224866523,0.16810980996,0.0998876680207,0.0,-0.815349154349,3.70725719746,5.27030083878,-0.0951278311642,0.0794733693751,0.0,422.23569351220254,423.1038489352124,424.0570122338936,422.70473266293885
3.1800000000000024,-0.482176430877,4.32103496923,20.4406150299,0.162406111459,0.104567279201,0.0,-0.882556022618,3.80578531573,5.33368087473,-0.0949296892442,0.0748581585317,0.0,460.45472388379295,460.0940075683111,460.7700137929084,460.7783517816079
3.2400000000000024,-0.537167648487,4.55213225233,20.7620181048,0.156737335785,0.109076249005,0.0,-0.950887390953,3.89673815378,5.37954470677,-0.0935949161121,0.075725571509,0.0,455.654770574725,455.72840043502265,455.61554856050515,455.7149407185481
3.3000000000000025,-0.596180757635,4.78831710965,21.0846988566,0.151124638811,0.11371898172,0.0,-1.01662266978,3.97546055918,5.37651804945,-0.0934452768954,0.0804941098846,0.0,440.83955228617555,441.2382770378989,440.0426283588989,440.0475202981872
3.3600000000000025,-0.65927432989,5.02916574853,21.4076549384,0.145325927864,0.118360282372,0.0,-1.08691843895,4.05216594413,5.38864203098,-0.103961123134,0.0701973489479,0.0,446.32871043060084,445.492080259159,445.2247794205831,444.3553566741004
3.4200000000000026,-0.726306172418,5.27404524028,21.7283451526,0.138738219092,0.122439406827,0.0,-1.14784969273,4.10993130702,5.30152711475,-0.125214746615,0.0631500745824,0.0,412.69810536255363,412.0793187826456,413.32037511776224,411.43050843064907
3.4800000000000026,-0.797909576051,5.52320268906,22.0506486173,0.1312940181,0.125963563171,0.0,-1.23925092163,4.19426046515,5.44128267965,-0.121875706478,0.0479988972009,0.0,484.2976525722479,483.1585656640656,483.2803138267012,483.51935386833355
3.5400000000000027,-0.874578097128,5.7767237325,22.3774854327,0.125136748399,0.129416549493,0.0,-1.3166596196,4.25570747025,5.45327392894,-0.0792663177773,0.0718889646603,0.0,444.8919227435179,446.84626547680597,443.7201153896855,447.1948707555765
3.6000000000000028,-0.956034154329,6.03387030718,22.705608132,0.120263281267,0.133421410385,0.0,-1.39891645799,4.31525534173,5.48397899196,-0.0854575530143,0.0537201954781,0.0,451.67807793143265,450.2132959943213,452.71859361507353,452.21483319748205
3.660000000000003,-1.04248858117,6.29446186037,23.0354869731,0.115125506469,0.137601193529,0.0,-1.4832405133,4.37051661957,5.51183695828,-0.085975640106,0.0903534560846,0.0,450.25741782453935,453.2152831026597,450.5799470496181,450.532128308919
3.720000000000003,-1.13428752127,6.55841053011,23.3684424386,0.110637059796,0.143807258479,0.0,-1.57725830626,4.42713304758,5.58622940404,-0.0586872243996,0.121497033503,0.0,465.6230573817156,468.0619114060318,464.0241096418796,466.157363163434
3.780000000000003,-1.23159991187,6.82545304746,23.7040862243,0.10729026749,0.150914338027,0.0,-1.66712617299,4.47385182584,5.60169744719,-0.0505228394026,0.111540101023,0.0,449.3085658225939,448.512835874382,447.94965096729334,448.61112495182965
3.840000000000003,-1.33457196782,7.09531406881,24.0415394629,0.104736135932,0.157343554521,0.0,-1.76586052298,4.52112139303,5.64636084698,-0.0301303349658,0.0965055154812,0.0,459.40491771193126,458.22059208194975,456.83115993318233,458.4536310741535
3.900000000000003,-1.44306856979,7.36760589624,24.3784053228,0.102745894494,0.163553896959,0.0,-1.85122217834,4.55506322522,5.58269917349,-0.0400740066275,0.11472871677,0.0,423.3268187170896,424.90208667953016,424.26578593231534,423.41045833868344
3.960000000000003,-1.55702445886,7.64202590881,24.7128335649,0.100230456959,0.170225225185,0.0,-1.94790296391,4.59196849505,5.56483976245,-0.0459062294764,0.102962242177,0.0,439.2802138521433,438.314246486656,438.93851530033,438.4531522578955
4.020000000000002,-1.6771566033,7.91874637826,25.0476640678,0.0979299427445,0.17645719488,0.0,-2.05704964746,4.63169841225,5.59583364464,-0.026390447964,0.105613937547,0.0,453.83836064232185,454.06033187472826,454.366786744637,455.9282546606428
4.080000000000001,-1.80379473559,8.19770442748,25.3834267345,0.095858895671,0.18251025601,0.0,-2.1647689625,4.66665673257,5.59604960626,-0.0604109140836,0.0891845458408,0.0,446.86223249528155,445.5292862539705,446.2332987665206,443.44605541548873
4.14,-1.93750959538,8.47895620489,25.7218882863,0.0919862292747,0.188116771078,0.0,-2.29286950564,4.70787122362,5.68535017273,-0.0744492892116,0.100822340602,0.0,473.2983136824182,474.20006779293414,474.16181376078094,473.07903617126505
4.199999999999998,-2.07880474202,8.76246876587,26.0644984069,0.0871875255127,0.194572839319,0.0,-2.4175288573,4.74197313764,5.73454986128,-0.0943180649553,0.118534350747,0.0,462.0901657246443,463.49411377033874,463.4464574884795,461.8767335411733
4.259999999999997,-2.22722344747,9.04769640848,26.4075813557,0.0814634293878,0.201632406159,0.0,-2.5304060687,4.76504322594,5.70158053266,-0.0976600647975,0.115851361654,0.0,437.511920283178,437.30108942205976,437.58195072102217,437.2956761817846
4.319999999999996,-2.383463799,9.33455017637,26.7531446756,0.075404242378,0.208284421069,0.0,-2.67821049935,4.79595873929,5.81636210113,-0.10863755968,0.098358197007,0.0,483.9848625343834,482.6758476051585,484.13538972043455,483.30057612223436
4.379999999999995,-2.54833830313,9.62297336706,27.1037903693,0.0691397103509,0.214063215233,0.0,-2.81813391439,4.81740239541,5.87135570868,-0.0970725121324,0.0918764908241,0.0,466.9959339236765,466.4973716287603,466.9451011765573,467.83763983977633
4.439999999999993,-2.72135463307,9.91242701392,27.4560047564,0.0636560096306,0.21964900808,0.0,-2.94960104459,4.83046515574,5.86896047009,-0.0819524494886,0.0954297107543,0.0,449.0219164147082,449.31736064540854,450.3085222322593,451.5232628275545
4.499999999999992,-2.90245337497,10.2025765647,27.8084277607,0.0590341777434,0.22521177745,0.0,-3.08754809376,4.84067713825,5.87819567131,-0.0686635804069,0.0866394011849,0.0,454.6041312103509,453.9060819519697,453.51303380936235,454.57477529268954
4.559999999999991,-3.09204159155,10.4932695083,28.1618232544,0.0544241693851,0.230365909882,0.0,-3.23253606213,4.84861869468,5.90127576421,-0.102962778546,0.0843865280359,0.0,459.3269191191024,459.15399403036776,460.3865894175362,457.659027058903
4.6199999999999894,-3.29025659305,10.7842915613,28.5158122161,0.0484567670732,0.2351853287,0.0,-3.37512132216,4.85150599621,5.89817105448,-0.0932378221047,0.0706254716321,0.0,452.11145018028606,451.00610204866666,451.19868781600803,451.9749348471059
4.679999999999988,-3.49715563708,11.0753745908,28.86971904,0.042424994681,0.239221381784,0.0,-3.52193994502,4.85068680525,5.89851582262,-0.121982942676,0.0595293837792,0.0,453.24038524645636,452.35076138828316,454.5112187573719,452.191961813047
4.739999999999987,-3.71231769353,11.3661748858,29.2210344916,0.0349723904729,0.242735505589,0.0,-3.6506048191,4.8420471606,5.81235384505,-0.129079152116,0.0565755582816,0.0,425.4268341303203,425.1763268925398,424.9002486863062,424.2764402462449
4.799999999999986,-3.93643579672,11.6564850936,29.5718386887,0.0270776536331,0.246294516924,0.0,-3.82033599566,4.83411113408,5.88054579269,-0.137110270493,0.0643000220075,0.0,474.4898793715929,475.08485967537797,473.4166699672361,472.78336990805354
4.859999999999984,-4.17013897124,11.9460768105,29.9239568984,0.0187226370152,0.250618806464,0.0,-3.97025358898,4.81818603393,5.85667435392,-0.14391044213,0.0842804633064,0.0,444.8331549556977,446.47060938901086,446.96032615527133,446.38769510817764
4.919999999999983,-4.41240659743,12.234521451,30.2725459301,0.00975868445196,0.25564661839,0.0,-4.10595043114,4.79593768052,5.76328207825,-0.163586622691,0.0828123488265,0.0,422.91521296032795,422.79483396452065,424.2559732752954,422.54011663076517
4.979999999999982,-4.66355073399,12.5215016946,30.6179171879,6.28291659582,0.260605683101,0.0,-4.26608705298,4.76916629277,5.74893541698,-0.175335994635,0.0823267805743,0.0,447.949520742046,447.9155174391707,450.0785531705577,449.09986378735505
5.0399999999999805,-4.92413209949,12.80669184,30.9613248572,6.27289079317,0.265317838108,0.0,-4.4205570814,4.73630563659,5.6980291692,-0.154318862532,0.0696120945902,0.0,437.98261872560636,436.92857675299933,435.91658147111116,437.6421275920296
